# x y z r g b
-22 -6 0 180 210 230
-21 -6 -6 180 210 230
-21 -6 -5 180 210 230
-21 -6 -4 180 210 230
-21 -6 -3 180 210 230
-21 -6 -2 180 210 230
-21 -6 -1 180 210 230
-21 -6 0 180 210 230
-21 -6 1 180 210 230
-21 -6 2 180 210 230
-21 -6 3 180 210 230
-21 -6 4 180 210 230
-21 -6 5 180 210 230
-21 -6 6 180 210 230
-20 -6 -9 180 210 230
-20 -6 -8 180 210 230
-20 -6 -7 180 210 230
-20 -6 -6 180 210 230
-20 -6 -5 180 210 230
-20 -6 -4 180 210 230
-20 -6 -3 180 210 230
-20 -6 -2 180 210 230
-20 -6 -1 180 210 230
-20 -6 0 180 210 230
-20 -6 1 180 210 230
-20 -6 2 180 210 230
-20 -6 3 180 210 230
-20 -6 4 180 210 230
-20 -6 5 180 210 230
-20 -6 6 180 210 230
-20 -6 7 180 210 230
-20 -6 8 180 210 230
-20 -6 9 180 210 230
-19 -7 -5 180 210 230
-19 -7 -4 180 210 230
-19 -7 -3 180 210 230
-19 -7 -2 180 210 230
-19 -7 -1 180 210 230
-19 -7 0 180 210 230
-19 -7 1 180 210 230
-19 -7 2 180 210 230
-19 -7 3 180 210 230
-19 -7 4 180 210 230
-19 -7 5 180 210 230
-19 -6 -11 180 210 230
-19 -6 -10 180 210 230
-19 -6 -9 180 210 230
-19 -6 -8 180 210 230
-19 -6 -7 180 210 230
-19 -6 -6 180 210 230
-19 -6 -5 180 210 230
-19 -6 -4 180 210 230
-19 -6 -3 180 210 230
-19 -6 -2 180 210 230
-19 -6 -1 180 210 230
-19 -6 1 180 210 230
-19 -6 2 180 210 230
-19 -6 3 180 210 230
-19 -6 4 180 210 230
-19 -6 5 180 210 230
-19 -6 6 180 210 230
-19 -6 7 180 210 230
-19 -6 8 180 210 230
-19 -6 9 180 210 230
-19 -6 10 180 210 230
-19 -6 11 180 210 230
-18 -7 -8 180 210 230
-18 -7 -7 180 210 230
-18 -7 -6 180 210 230
-18 -7 -5 180 210 230
-18 -7 -4 180 210 230
-18 -7 -3 180 210 230
-18 -7 -2 180 210 230
-18 -7 -1 180 210 230
-18 -7 0 180 210 230
-18 -7 1 180 210 230
-18 -7 2 180 210 230
-18 -7 3 180 210 230
-18 -7 4 180 210 230
-18 -7 5 180 210 230
-18 -7 6 180 210 230
-18 -7 7 180 210 230
-18 -7 8 180 210 230
-18 -6 -12 180 210 230
-18 -6 -11 180 210 230
-18 -6 -10 180 210 230
-18 -6 -9 180 210 230
-18 -6 -8 180 210 230
-18 -6 -7 180 210 230
-18 -6 7 180 210 230
-18 -6 8 180 210 230
-18 -6 9 180 210 230
-18 -6 10 180 210 230
-18 -6 11 180 210 230
-18 -6 12 180 210 230
-17 -8 -5 180 210 230
-17 -8 -4 180 210 230
-17 -8 -3 180 210 230
-17 -8 -2 180 210 230
-17 -8 -1 180 210 230
-17 -8 0 180 210 230
-17 -8 1 180 210 230
-17 -8 2 180 210 230
-17 -8 3 180 210 230
-17 -8 4 180 210 230
-17 -8 5 180 210 230
-17 -7 -10 180 210 230
-17 -7 -9 180 210 230
-17 -7 -8 180 210 230
-17 -7 -7 180 210 230
-17 -7 -6 180 210 230
-17 -7 -5 180 210 230
-17 -7 -4 180 210 230
-17 -7 -3 180 210 230
-17 -7 -2 180 210 230
-17 -7 -1 180 210 230
-17 -7 0 180 210 230
-17 -7 1 180 210 230
-17 -7 2 180 210 230
-17 -7 3 180 210 230
-17 -7 4 180 210 230
-17 -7 5 180 210 230
-17 -7 6 180 210 230
-17 -7 7 180 210 230
-17 -7 8 180 210 230
-17 -7 9 180 210 230
-17 -7 10 180 210 230
-17 -6 -13 180 210 230
-17 -6 -12 180 210 230
-17 -6 -11 180 210 230
-17 -6 -10 180 210 230
-17 -6 -9 180 210 230
-17 -6 9 180 210 230
-17 -6 10 180 210 230
-17 -6 11 180 210 230
-17 -6 12 180 210 230
-17 -6 13 180 210 230
-16 -8 -7 180 210 230
-16 -8 -6 180 210 230
-16 -8 -5 180 210 230
-16 -8 -4 180 210 230
-16 -8 -3 180 210 230
-16 -8 -2 180 210 230
-16 -8 -1 180 210 230
-16 -8 0 180 210 230
-16 -8 1 180 210 230
-16 -8 2 180 210 230
-16 -8 3 180 210 230
-16 -8 4 180 210 230
-16 -8 5 180 210 230
-16 -8 6 180 210 230
-16 -8 7 180 210 230
-16 -7 -11 180 210 230
-16 -7 -10 180 210 230
-16 -7 -9 180 210 230
-16 -7 -8 180 210 230
-16 -7 -7 180 210 230
-16 -7 -6 180 210 230
-16 -7 6 180 210 230
-16 -7 7 180 210 230
-16 -7 8 180 210 230
-16 -7 9 180 210 230
-16 -7 10 180 210 230
-16 -7 11 180 210 230
-16 -6 -15 180 210 230
-16 -6 -14 180 210 230
-16 -6 -13 180 210 230
-16 -6 -12 180 210 230
-16 -6 -11 180 210 230
-16 -6 11 180 210 230
-16 -6 12 180 210 230
-16 -6 13 180 210 230
-16 -6 14 180 210 230
-16 -6 15 180 210 230
-15 -9 -4 180 210 230
-15 -9 -3 180 210 230
-15 -9 -2 180 210 230
-15 -9 -1 180 210 230
-15 -9 0 180 210 230
-15 -9 1 180 210 230
-15 -9 2 180 210 230
-15 -9 3 180 210 230
-15 -9 4 180 210 230
-15 -8 -9 180 210 230
-15 -8 -8 180 210 230
-15 -8 -7 180 210 230
-15 -8 -6 180 210 230
-15 -8 -5 180 210 230
-15 -8 -4 180 210 230
-15 -8 -3 180 210 230
-15 -8 -2 180 210 230
-15 -8 -1 180 210 230
-15 -8 0 180 210 230
-15 -8 1 180 210 230
-15 -8 2 180 210 230
-15 -8 3 180 210 230
-15 -8 4 180 210 230
-15 -8 5 180 210 230
-15 -8 6 180 210 230
-15 -8 7 180 210 230
-15 -8 8 180 210 230
-15 -8 9 180 210 230
-15 -7 -13 180 210 230
-15 -7 -12 180 210 230
-15 -7 -11 180 210 230
-15 -7 -10 180 210 230
-15 -7 -9 180 210 230
-15 -7 -8 180 210 230
-15 -7 8 180 210 230
-15 -7 9 180 210 230
-15 -7 10 180 210 230
-15 -7 11 180 210 230
-15 -7 12 180 210 230
-15 -7 13 180 210 230
-15 -6 -16 180 210 230
-15 -6 -15 180 210 230
-15 -6 -14 180 210 230
-15 -6 -13 180 210 230
-15 -6 -12 180 210 230
-15 -6 12 180 210 230
-15 -6 13 180 210 230
-15 -6 14 180 210 230
-15 -6 15 180 210 230
-15 -6 16 180 210 230
-14 -12 -2 190 210 80
-14 -9 -6 180 210 230
-14 -9 -5 180 210 230
-14 -9 -4 180 210 230
-14 -9 -3 180 210 230
-14 -9 -2 180 210 230
-14 -9 -1 180 210 230
-14 -9 0 180 210 230
-14 -9 1 180 210 230
-14 -9 2 180 210 230
-14 -9 3 180 210 230
-14 -9 4 180 210 230
-14 -9 5 180 210 230
-14 -9 6 180 210 230
-14 -8 -10 180 210 230
-14 -8 -9 180 210 230
-14 -8 -8 180 210 230
-14 -8 -7 180 210 230
-14 -8 -6 180 210 230
-14 -8 -5 180 210 230
-14 -8 5 180 210 230
-14 -8 6 180 210 230
-14 -8 7 180 210 230
-14 -8 8 180 210 230
-14 -8 9 180 210 230
-14 -8 10 180 210 230
-14 -7 -14 180 210 230
-14 -7 -13 180 210 230
-14 -7 -12 180 210 230
-14 -7 -11 180 210 230
-14 -7 -10 180 210 230
-14 -7 10 180 210 230
-14 -7 11 180 210 230
-14 -7 12 180 210 230
-14 -7 13 180 210 230
-14 -7 14 180 210 230
-14 -6 -16 180 210 230
-14 -6 -15 180 210 230
-14 -6 -14 180 210 230
-14 -6 -13 180 210 230
-14 -6 13 180 210 230
-14 -6 14 180 210 230
-14 -6 15 180 210 230
-14 -6 16 180 210 230
-13 -15 -3 190 210 80
-13 -15 -2 190 210 80
-13 -15 -1 190 210 80
-13 -14 -4 190 210 80
-13 -14 -3 190 210 80
-13 -14 -2 190 210 80
-13 -14 -1 190 210 80
-13 -14 0 190 210 80
-13 -13 -4 190 210 80
-13 -13 -3 230 230 150
-13 -13 -2 230 230 150
-13 -13 -1 230 230 150
-13 -13 0 190 210 80
-13 -12 -5 190 210 80
-13 -12 -4 190 210 80
-13 -12 -3 230 230 150
-13 -12 -2 230 230 150
-13 -12 -1 230 230 150
-13 -12 0 190 210 80
-13 -12 1 190 210 80
-13 -11 -4 190 210 80
-13 -11 -3 230 230 150
-13 -11 -2 230 230 150
-13 -11 -1 230 230 150
-13 -11 0 190 210 80
-13 -10 -4 190 210 80
-13 -10 -3 190 210 80
-13 -10 -2 190 210 80
-13 -10 -1 190 210 80
-13 -10 0 190 210 80
-13 -10 1 180 210 230
-13 -10 2 180 210 230
-13 -10 3 180 210 230
-13 -9 -8 180 210 230
-13 -9 -7 180 210 230
-13 -9 -6 180 210 230
-13 -9 -5 180 210 230
-13 -9 -4 180 210 230
-13 -9 -3 190 210 80
-13 -9 -2 190 210 80
-13 -9 -1 190 210 80
-13 -9 0 180 210 230
-13 -9 1 180 210 230
-13 -9 2 180 210 230
-13 -9 3 180 210 230
-13 -9 4 180 210 230
-13 -9 5 180 210 230
-13 -9 6 180 210 230
-13 -9 7 180 210 230
-13 -9 8 180 210 230
-13 -8 -12 180 210 230
-13 -8 -11 180 210 230
-13 -8 -10 180 210 230
-13 -8 -9 180 210 230
-13 -8 -8 180 210 230
-13 -8 -7 180 210 230
-13 -8 7 180 210 230
-13 -8 8 180 210 230
-13 -8 9 180 210 230
-13 -8 10 180 210 230
-13 -8 11 180 210 230
-13 -8 12 180 210 230
-13 -7 -15 180 210 230
-13 -7 -14 180 210 230
-13 -7 -13 180 210 230
-13 -7 -12 180 210 230
-13 -7 -11 180 210 230
-13 -7 11 180 210 230
-13 -7 12 180 210 230
-13 -7 13 180 210 230
-13 -7 14 180 210 230
-13 -7 15 180 210 230
-13 -6 -17 180 210 230
-13 -6 -16 180 210 230
-13 -6 -15 180 210 230
-13 -6 -14 180 210 230
-13 -6 14 180 210 230
-13 -6 15 180 210 230
-13 -6 16 180 210 230
-13 -6 17 180 210 230
-12 -16 -4 190 210 80
-12 -16 -3 190 210 80
-12 -16 -2 190 210 80
-12 -16 -1 190 210 80
-12 -16 0 190 210 80
-12 -15 -5 190 210 80
-12 -15 -4 190 210 80
-12 -15 -3 230 230 150
-12 -15 -2 230 230 150
-12 -15 -1 230 230 150
-12 -15 0 190 210 80
-12 -15 1 190 210 80
-12 -14 -5 190 210 80
-12 -14 -4 230 230 150
-12 -14 -3 230 230 150
-12 -14 -2 230 230 150
-12 -14 -1 230 230 150
-12 -14 0 230 230 150
-12 -14 1 190 210 80
-12 -13 -5 190 210 80
-12 -13 -4 230 230 150
-12 -13 -3 230 230 150
-12 -13 -2 230 230 150
-12 -13 -1 230 230 150
-12 -13 0 230 230 150
-12 -13 1 190 210 80
-12 -12 -5 230 230 150
-12 -12 -4 230 230 150
-12 -12 -3 230 230 150
-12 -12 -2 230 230 150
-12 -12 -1 230 230 150
-12 -12 0 230 230 150
-12 -12 1 230 230 150
-12 -12 2 190 210 80
-12 -11 -5 190 210 80
-12 -11 -4 230 230 150
-12 -11 -3 230 230 150
-12 -11 -2 230 230 150
-12 -11 -1 230 230 150
-12 -11 0 230 230 150
-12 -11 1 190 210 80
-12 -10 -6 180 210 230
-12 -10 -5 190 210 80
-12 -10 -4 230 230 150
-12 -10 -3 230 230 150
-12 -10 -2 230 230 150
-12 -10 -1 230 230 150
-12 -10 0 230 230 150
-12 -10 1 190 210 80
-12 -10 2 180 210 230
-12 -10 3 180 210 230
-12 -10 4 180 210 230
-12 -10 5 180 210 230
-12 -10 6 180 210 230
-12 -9 -10 180 210 230
-12 -9 -9 180 210 230
-12 -9 -8 180 210 230
-12 -9 -7 180 210 230
-12 -9 -6 180 210 230
-12 -9 -5 190 210 80
-12 -9 -4 190 210 80
-12 -9 -3 230 230 150
-12 -9 -2 230 230 150
-12 -9 -1 230 230 150
-12 -9 0 190 210 80
-12 -9 1 190 210 80
-12 -9 4 180 210 230
-12 -9 5 180 210 230
-12 -9 6 180 210 230
-12 -9 7 180 210 230
-12 -9 8 180 210 230
-12 -9 9 180 210 230
-12 -9 10 180 210 230
-12 -8 -13 180 210 230
-12 -8 -12 180 210 230
-12 -8 -11 180 210 230
-12 -8 -10 180 210 230
-12 -8 -9 180 210 230
-12 -8 -4 190 210 80
-12 -8 -3 190 210 80
-12 -8 -2 190 210 80
-12 -8 -1 190 210 80
-12 -8 0 190 210 80
-12 -8 9 180 210 230
-12 -8 10 180 210 230
-12 -8 11 180 210 230
-12 -8 12 180 210 230
-12 -8 13 180 210 230
-12 -7 -15 180 210 230
-12 -7 -14 180 210 230
-12 -7 -13 180 210 230
-12 -7 -12 180 210 230
-12 -7 12 180 210 230
-12 -7 13 180 210 230
-12 -7 14 180 210 230
-12 -7 15 180 210 230
-12 -6 -18 180 210 230
-12 -6 -17 180 210 230
-12 -6 -16 180 210 230
-12 -6 -15 180 210 230
-12 -6 15 180 210 230
-12 -6 16 180 210 230
-12 -6 17 180 210 230
-12 -6 18 180 210 230
-11 -16 -5 190 210 80
-11 -16 -4 190 210 80
-11 -16 -3 230 230 150
-11 -16 -2 230 230 150
-11 -16 -1 230 230 150
-11 -16 0 190 210 80
-11 -16 1 190 210 80
-11 -15 -5 190 210 80
-11 -15 -4 230 230 150
-11 -15 -3 230 230 150
-11 -15 -2 230 230 150
-11 -15 -1 230 230 150
-11 -15 0 230 230 150
-11 -15 1 190 210 80
-11 -14 -5 230 230 150
-11 -14 -4 230 230 150
-11 -14 -3 230 230 150
-11 -14 -2 230 230 150
-11 -14 -1 230 230 150
-11 -14 0 230 230 150
-11 -14 1 230 230 150
-11 -14 2 190 210 80
-11 -13 -5 230 230 150
-11 -13 -4 230 230 150
-11 -13 -3 230 230 150
-11 -13 -2 230 230 150
-11 -13 -1 230 230 150
-11 -13 0 230 230 150
-11 -13 1 230 230 150
-11 -13 2 190 210 80
-11 -12 -5 230 230 150
-11 -12 -4 230 230 150
-11 -12 -3 230 230 150
-11 -12 -2 80 50 20
-11 -12 -1 230 230 150
-11 -12 0 230 230 150
-11 -12 1 230 230 150
-11 -12 2 190 210 80
-11 -11 -5 230 230 150
-11 -11 -4 230 230 150
-11 -11 -3 230 230 150
-11 -11 -2 230 230 150
-11 -11 -1 230 230 150
-11 -11 0 230 230 150
-11 -11 1 230 230 150
-11 -11 2 190 210 80
-11 -10 -7 180 210 230
-11 -10 -6 180 210 230
-11 -10 -5 230 230 150
-11 -10 -4 230 230 150
-11 -10 -3 230 230 150
-11 -10 -2 230 230 150
-11 -10 -1 230 230 150
-11 -10 0 230 230 150
-11 -10 1 230 230 150
-11 -10 2 190 210 80
-11 -10 3 180 210 230
-11 -10 4 180 210 230
-11 -10 5 180 210 230
-11 -10 6 180 210 230
-11 -10 7 180 210 230
-11 -9 -11 180 210 230
-11 -9 -10 180 210 230
-11 -9 -9 180 210 230
-11 -9 -8 180 210 230
-11 -9 -7 180 210 230
-11 -9 -5 190 210 80
-11 -9 -4 230 230 150
-11 -9 -3 230 230 150
-11 -9 -2 230 230 150
-11 -9 -1 230 230 150
-11 -9 0 230 230 150
-11 -9 1 190 210 80
-11 -9 7 180 210 230
-11 -9 8 180 210 230
-11 -9 9 180 210 230
-11 -9 10 180 210 230
-11 -9 11 180 210 230
-11 -8 -13 180 210 230
-11 -8 -12 180 210 230
-11 -8 -11 180 210 230
-11 -8 -10 180 210 230
-11 -8 -5 190 210 80
-11 -8 -4 190 210 80
-11 -8 -3 230 230 150
-11 -8 -2 230 230 150
-11 -8 -1 230 230 150
-11 -8 0 190 210 80
-11 -8 1 190 210 80
-11 -8 10 180 210 230
-11 -8 11 180 210 230
-11 -8 12 180 210 230
-11 -8 13 180 210 230
-11 -7 -16 180 210 230
-11 -7 -15 180 210 230
-11 -7 -14 180 210 230
-11 -7 -13 180 210 230
-11 -7 -3 190 210 80
-11 -7 -2 190 210 80
-11 -7 -1 190 210 80
-11 -7 13 180 210 230
-11 -7 14 180 210 230
-11 -7 15 180 210 230
-11 -7 16 180 210 230
-11 -6 -19 180 210 230
-11 -6 -18 180 210 230
-11 -6 -17 180 210 230
-11 -6 -16 180 210 230
-11 -6 16 180 210 230
-11 -6 17 180 210 230
-11 -6 18 180 210 230
-11 -6 19 180 210 230
-10 -16 -5 190 210 80
-10 -16 -4 230 230 150
-10 -16 -3 230 230 150
-10 -16 -2 230 230 150
-10 -16 -1 230 230 150
-10 -16 0 230 230 150
-10 -16 1 190 210 80
-10 -15 -5 230 230 150
-10 -15 -4 230 230 150
-10 -15 -3 230 230 150
-10 -15 -2 230 230 150
-10 -15 -1 230 230 150
-10 -15 0 230 230 150
-10 -15 1 230 230 150
-10 -15 2 190 210 80
-10 -14 -5 230 230 150
-10 -14 -4 230 230 150
-10 -14 -3 80 50 20
-10 -14 -2 80 50 20
-10 -14 -1 80 50 20
-10 -14 0 230 230 150
-10 -14 1 230 230 150
-10 -14 2 190 210 80
-10 -13 -5 230 230 150
-10 -13 -4 230 230 150
-10 -13 -3 80 50 20
-10 -13 -2 80 50 20
-10 -13 -1 80 50 20
-10 -13 0 230 230 150
-10 -13 1 230 230 150
-10 -13 2 230 230 150
-10 -12 -5 230 230 150
-10 -12 -4 230 230 150
-10 -12 -3 80 50 20
-10 -12 -2 60 30 10
-10 -12 -1 80 50 20
-10 -12 0 230 230 150
-10 -12 1 230 230 150
-10 -12 2 230 230 150
-10 -11 -5 230 230 150
-10 -11 -4 230 230 150
-10 -11 -3 80 50 20
-10 -11 -2 80 50 20
-10 -11 -1 80 50 20
-10 -11 0 230 230 150
-10 -11 1 230 230 150
-10 -11 2 230 230 150
-10 -11 3 180 210 230
-10 -11 4 180 210 230
-10 -11 5 180 210 230
-10 -10 -9 180 210 230
-10 -10 -8 180 210 230
-10 -10 -7 180 210 230
-10 -10 -6 180 210 230
-10 -10 -5 230 230 150
-10 -10 -4 230 230 150
-10 -10 -3 80 50 20
-10 -10 -2 80 50 20
-10 -10 -1 80 50 20
-10 -10 0 230 230 150
-10 -10 1 230 230 150
-10 -10 2 190 210 80
-10 -10 4 180 210 230
-10 -10 5 180 210 230
-10 -10 6 180 210 230
-10 -10 7 180 210 230
-10 -10 8 180 210 230
-10 -10 9 180 210 230
-10 -9 -12 180 210 230
-10 -9 -11 180 210 230
-10 -9 -10 180 210 230
-10 -9 -9 180 210 230
-10 -9 -8 180 210 230
-10 -9 -5 230 230 150
-10 -9 -4 230 230 150
-10 -9 -3 230 230 150
-10 -9 -2 230 230 150
-10 -9 -1 230 230 150
-10 -9 0 230 230 150
-10 -9 1 230 230 150
-10 -9 2 190 210 80
-10 -9 8 180 210 230
-10 -9 9 180 210 230
-10 -9 10 180 210 230
-10 -9 11 180 210 230
-10 -9 12 180 210 230
-10 -8 -14 180 210 230
-10 -8 -13 180 210 230
-10 -8 -12 180 210 230
-10 -8 -11 180 210 230
-10 -8 -5 190 210 80
-10 -8 -4 230 230 150
-10 -8 -3 230 230 150
-10 -8 -2 230 230 150
-10 -8 -1 230 230 150
-10 -8 0 230 230 150
-10 -8 1 190 210 80
-10 -8 11 180 210 230
-10 -8 12 180 210 230
-10 -8 13 180 210 230
-10 -8 14 180 210 230
-10 -7 -17 180 210 230
-10 -7 -16 180 210 230
-10 -7 -15 180 210 230
-10 -7 -14 180 210 230
-10 -7 -4 190 210 80
-10 -7 -3 190 210 80
-10 -7 -2 190 210 80
-10 -7 -1 190 210 80
-10 -7 0 190 210 80
-10 -7 14 180 210 230
-10 -7 15 180 210 230
-10 -7 16 180 210 230
-10 -7 17 180 210 230
-10 -6 -19 180 210 230
-10 -6 -18 180 210 230
-10 -6 -17 180 210 230
-10 -6 17 180 210 230
-10 -6 18 180 210 230
-10 -6 19 180 210 230
-9 -16 -5 190 210 80
-9 -16 -4 230 230 150
-9 -16 -3 230 230 150
-9 -16 -2 230 230 150
-9 -16 -1 230 230 150
-9 -16 0 230 230 150
-9 -16 1 190 210 80
-9 -15 -5 230 230 150
-9 -15 -4 230 230 150
-9 -15 -3 230 230 150
-9 -15 -2 80 50 20
-9 -15 -1 230 230 150
-9 -15 0 230 230 150
-9 -15 1 230 230 150
-9 -15 2 190 210 80
-9 -14 -5 230 230 150
-9 -14 -4 230 230 150
-9 -14 -3 80 50 20
-9 -14 -2 80 50 20
-9 -14 -1 80 50 20
-9 -14 0 230 230 150
-9 -14 1 230 230 150
-9 -14 2 190 210 80
-9 -13 -5 230 230 150
-9 -13 -4 230 230 150
-9 -13 -3 80 50 20
-9 -13 -2 60 30 10
-9 -13 -1 80 50 20
-9 -13 0 230 230 150
-9 -13 1 230 230 150
-9 -13 2 230 230 150
-9 -12 -5 230 230 150
-9 -12 -4 80 50 20
-9 -12 -3 60 30 10
-9 -12 -2 60 30 10
-9 -12 -1 60 30 10
-9 -12 0 80 50 20
-9 -12 1 230 230 150
-9 -12 2 230 230 150
-9 -12 3 190 210 80
-9 -11 -6 180 210 230
-9 -11 -5 230 230 150
-9 -11 -4 230 230 150
-9 -11 -3 80 50 20
-9 -11 -2 60 30 10
-9 -11 -1 80 50 20
-9 -11 0 230 230 150
-9 -11 1 230 230 150
-9 -11 2 230 230 150
-9 -11 3 180 210 230
-9 -11 4 180 210 230
-9 -11 5 180 210 230
-9 -11 6 180 210 230
-9 -10 -10 180 210 230
-9 -10 -9 180 210 230
-9 -10 -8 180 210 230
-9 -10 -7 180 210 230
-9 -10 -6 180 210 230
-9 -10 -5 230 230 150
-9 -10 -4 230 230 150
-9 -10 -3 80 50 20
-9 -10 -2 80 50 20
-9 -10 -1 80 50 20
-9 -10 0 230 230 150
-9 -10 1 230 230 150
-9 -10 2 190 210 80
-9 -10 6 180 210 230
-9 -10 7 180 210 230
-9 -10 8 180 210 230
-9 -10 9 180 210 230
-9 -10 10 180 210 230
-9 -9 -12 180 210 230
-9 -9 -11 180 210 230
-9 -9 -10 180 210 230
-9 -9 -9 180 210 230
-9 -9 -5 230 230 150
-9 -9 -4 230 230 150
-9 -9 -3 230 230 150
-9 -9 -2 80 50 20
-9 -9 -1 230 230 150
-9 -9 0 230 230 150
-9 -9 1 230 230 150
-9 -9 2 190 210 80
-9 -9 9 180 210 230
-9 -9 10 180 210 230
-9 -9 11 180 210 230
-9 -9 12 180 210 230
-9 -8 -15 180 210 230
-9 -8 -14 180 210 230
-9 -8 -13 180 210 230
-9 -8 -12 180 210 230
-9 -8 -5 190 210 80
-9 -8 -4 230 230 150
-9 -8 -3 230 230 150
-9 -8 -2 230 230 150
-9 -8 -1 230 230 150
-9 -8 0 230 230 150
-9 -8 1 190 210 80
-9 -8 12 180 210 230
-9 -8 13 180 210 230
-9 -8 14 180 210 230
-9 -8 15 180 210 230
-9 -7 -17 180 210 230
-9 -7 -16 180 210 230
-9 -7 -15 180 210 230
-9 -7 -4 190 210 80
-9 -7 -3 190 210 80
-9 -7 -2 230 230 150
-9 -7 -1 190 210 80
-9 -7 0 190 210 80
-9 -7 15 180 210 230
-9 -7 16 180 210 230
-9 -7 17 180 210 230
-9 -6 -20 180 210 230
-9 -6 -19 180 210 230
-9 -6 -18 180 210 230
-9 -6 -17 180 210 230
-9 -6 17 180 210 230
-9 -6 18 180 210 230
-9 -6 19 180 210 230
-9 -6 20 180 210 230
-9 -5 -2 100 70 30
-9 -5 -1 100 70 30
-9 -4 -2 100 70 30
-9 -4 -1 100 70 30
-9 -3 -2 100 70 30
-9 -3 -1 100 70 30
-8 -16 -5 190 210 80
-8 -16 -4 230 230 150
-8 -16 -3 230 230 150
-8 -16 -2 230 230 150
-8 -16 -1 230 230 150
-8 -16 0 230 230 150
-8 -16 1 190 210 80
-8 -15 -5 230 230 150
-8 -15 -4 230 230 150
-8 -15 -3 230 230 150
-8 -15 -2 230 230 150
-8 -15 -1 230 230 150
-8 -15 0 230 230 150
-8 -15 1 230 230 150
-8 -15 2 190 210 80
-8 -14 -5 230 230 150
-8 -14 -4 230 230 150
-8 -14 -3 80 50 20
-8 -14 -2 80 50 20
-8 -14 -1 80 50 20
-8 -14 0 230 230 150
-8 -14 1 230 230 150
-8 -14 2 190 210 80
-8 -13 -5 230 230 150
-8 -13 -4 230 230 150
-8 -13 -3 80 50 20
-8 -13 -2 80 50 20
-8 -13 -1 80 50 20
-8 -13 0 230 230 150
-8 -13 1 230 230 150
-8 -13 2 230 230 150
-8 -12 -5 230 230 150
-8 -12 -4 230 230 150
-8 -12 -3 80 50 20
-8 -12 -2 60 30 10
-8 -12 -1 80 50 20
-8 -12 0 230 230 150
-8 -12 1 230 230 150
-8 -12 2 230 230 150
-8 -12 3 180 210 230
-8 -12 4 180 210 230
-8 -11 -8 180 210 230
-8 -11 -7 180 210 230
-8 -11 -6 180 210 230
-8 -11 -5 230 230 150
-8 -11 -4 230 230 150
-8 -11 -3 80 50 20
-8 -11 -2 80 50 20
-8 -11 -1 80 50 20
-8 -11 0 230 230 150
-8 -11 1 230 230 150
-8 -11 2 230 230 150
-8 -11 3 180 210 230
-8 -11 4 180 210 230
-8 -11 5 180 210 230
-8 -11 6 180 210 230
-8 -11 7 180 210 230
-8 -11 8 180 210 230
-8 -10 -10 180 210 230
-8 -10 -9 180 210 230
-8 -10 -8 180 210 230
-8 -10 -7 180 210 230
-8 -10 -5 230 230 150
-8 -10 -4 230 230 150
-8 -10 -3 80 50 20
-8 -10 -2 80 50 20
-8 -10 -1 80 50 20
-8 -10 0 230 230 150
-8 -10 1 230 230 150
-8 -10 2 190 210 80
-8 -10 7 180 210 230
-8 -10 8 180 210 230
-8 -10 9 180 210 230
-8 -10 10 180 210 230
-8 -9 -13 180 210 230
-8 -9 -12 180 210 230
-8 -9 -11 180 210 230
-8 -9 -10 180 210 230
-8 -9 -5 230 230 150
-8 -9 -4 230 230 150
-8 -9 -3 230 230 150
-8 -9 -2 230 230 150
-8 -9 -1 230 230 150
-8 -9 0 230 230 150
-8 -9 1 230 230 150
-8 -9 2 190 210 80
-8 -9 10 180 210 230
-8 -9 11 180 210 230
-8 -9 12 180 210 230
-8 -9 13 180 210 230
-8 -8 -15 180 210 230
-8 -8 -14 180 210 230
-8 -8 -13 180 210 230
-8 -8 -5 190 210 80
-8 -8 -4 230 230 150
-8 -8 -3 230 230 150
-8 -8 -2 230 230 150
-8 -8 -1 230 230 150
-8 -8 0 230 230 150
-8 -8 1 190 210 80
-8 -8 13 180 210 230
-8 -8 14 180 210 230
-8 -8 15 180 210 230
-8 -7 -18 180 210 230
-8 -7 -17 180 210 230
-8 -7 -16 180 210 230
-8 -7 -15 180 210 230
-8 -7 -4 190 210 80
-8 -7 -3 190 210 80
-8 -7 -2 190 210 80
-8 -7 -1 190 210 80
-8 -7 0 190 210 80
-8 -7 15 180 210 230
-8 -7 16 180 210 230
-8 -7 17 180 210 230
-8 -7 18 180 210 230
-8 -6 -20 180 210 230
-8 -6 -19 180 210 230
-8 -6 -18 180 210 230
-8 -6 18 180 210 230
-8 -6 19 180 210 230
-8 -6 20 180 210 230
-7 -16 -5 190 210 80
-7 -16 -4 190 210 80
-7 -16 -3 230 230 150
-7 -16 -2 230 230 150
-7 -16 -1 230 230 150
-7 -16 0 190 210 80
-7 -16 1 190 210 80
-7 -15 -5 190 210 80
-7 -15 -4 230 230 150
-7 -15 -3 230 230 150
-7 -15 -2 230 230 150
-7 -15 -1 230 230 150
-7 -15 0 230 230 150
-7 -15 1 190 210 80
-7 -14 -5 230 230 150
-7 -14 -4 230 230 150
-7 -14 -3 230 230 150
-7 -14 -2 230 230 150
-7 -14 -1 230 230 150
-7 -14 0 230 230 150
-7 -14 1 230 230 150
-7 -14 2 190 210 80
-7 -13 -5 230 230 150
-7 -13 -4 230 230 150
-7 -13 -3 230 230 150
-7 -13 -2 230 230 150
-7 -13 -1 230 230 150
-7 -13 0 230 230 150
-7 -13 1 230 230 150
-7 -13 2 190 210 80
-7 -12 -13 200 30 30
-7 -12 -12 200 30 30
-7 -12 -11 200 30 30
-7 -12 -6 180 210 230
-7 -12 -5 230 230 150
-7 -12 -4 230 230 150
-7 -12 -3 230 230 150
-7 -12 -2 80 50 20
-7 -12 -1 230 230 150
-7 -12 0 230 230 150
-7 -12 1 230 230 150
-7 -12 2 190 210 80
-7 -12 3 180 210 230
-7 -12 4 180 210 230
-7 -12 5 180 210 230
-7 -12 6 180 210 230
-7 -11 -13 200 30 30
-7 -11 -12 200 30 30
-7 -11 -11 200 30 30
-7 -11 -8 180 210 230
-7 -11 -7 180 210 230
-7 -11 -6 180 210 230
-7 -11 -5 230 230 150
-7 -11 -4 230 230 150
-7 -11 -3 230 230 150
-7 -11 -2 230 230 150
-7 -11 -1 230 230 150
-7 -11 0 230 230 150
-7 -11 1 230 230 150
-7 -11 2 190 210 80
-7 -11 5 180 210 230
-7 -11 6 180 210 230
-7 -11 7 180 210 230
-7 -11 8 180 210 230
-7 -10 -13 200 30 30
-7 -10 -12 200 30 30
-7 -10 -11 200 30 30
-7 -10 -10 180 210 230
-7 -10 -9 180 210 230
-7 -10 -8 180 210 230
-7 -10 -5 230 230 150
-7 -10 -4 230 230 150
-7 -10 -3 230 230 150
-7 -10 -2 230 230 150
-7 -10 -1 230 230 150
-7 -10 0 230 230 150
-7 -10 1 230 230 150
-7 -10 2 190 210 80
-7 -10 8 180 210 230
-7 -10 9 180 210 230
-7 -10 10 180 210 230
-7 -10 11 180 210 230
-7 -9 -13 180 210 230
-7 -9 -12 180 210 230
-7 -9 -11 180 210 230
-7 -9 -5 190 210 80
-7 -9 -4 230 230 150
-7 -9 -3 230 230 150
-7 -9 -2 230 230 150
-7 -9 -1 230 230 150
-7 -9 0 230 230 150
-7 -9 1 190 210 80
-7 -9 11 180 210 230
-7 -9 12 180 210 230
-7 -9 13 180 210 230
-7 -8 -16 180 210 230
-7 -8 -15 180 210 230
-7 -8 -14 180 210 230
-7 -8 -13 180 210 230
-7 -8 -5 190 210 80
-7 -8 -4 190 210 80
-7 -8 -3 230 230 150
-7 -8 -2 230 230 150
-7 -8 -1 230 230 150
-7 -8 0 190 210 80
-7 -8 1 190 210 80
-7 -8 13 180 210 230
-7 -8 14 180 210 230
-7 -8 15 180 210 230
-7 -8 16 180 210 230
-7 -7 -18 180 210 230
-7 -7 -17 180 210 230
-7 -7 -16 180 210 230
-7 -7 -3 190 210 80
-7 -7 -2 190 210 80
-7 -7 -1 190 210 80
-7 -7 16 180 210 230
-7 -7 17 180 210 230
-7 -7 18 180 210 230
-7 -6 -20 180 210 230
-7 -6 -19 180 210 230
-7 -6 -18 180 210 230
-7 -6 18 180 210 230
-7 -6 19 180 210 230
-7 -6 20 180 210 230
-6 -16 -4 190 210 80
-6 -16 -3 190 210 80
-6 -16 -2 190 210 80
-6 -16 -1 190 210 80
-6 -16 0 190 210 80
-6 -15 -5 190 210 80
-6 -15 -4 190 210 80
-6 -15 -3 230 230 150
-6 -15 -2 230 230 150
-6 -15 -1 230 230 150
-6 -15 0 190 210 80
-6 -15 1 190 210 80
-6 -14 -5 190 210 80
-6 -14 -4 230 230 150
-6 -14 -3 230 230 150
-6 -14 -2 230 230 150
-6 -14 -1 230 230 150
-6 -14 0 230 230 150
-6 -14 1 190 210 80
-6 -13 -13 200 30 30
-6 -13 -12 200 30 30
-6 -13 -11 200 30 30
-6 -13 -5 190 210 80
-6 -13 -4 230 230 150
-6 -13 -3 230 230 150
-6 -13 -2 230 230 150
-6 -13 -1 230 230 150
-6 -13 0 230 230 150
-6 -13 1 190 210 80
-6 -13 2 180 210 230
-6 -13 3 180 210 230
-6 -12 -14 200 30 30
-6 -12 -13 180 10 10
-6 -12 -12 180 10 10
-6 -12 -11 180 10 10
-6 -12 -10 200 30 30
-6 -12 -7 180 210 230
-6 -12 -6 180 210 230
-6 -12 -5 230 230 150
-6 -12 -4 230 230 150
-6 -12 -3 230 230 150
-6 -12 -2 230 230 150
-6 -12 -1 230 230 150
-6 -12 0 230 230 150
-6 -12 1 230 230 150
-6 -12 2 190 210 80
-6 -12 3 180 210 230
-6 -12 4 180 210 230
-6 -12 5 180 210 230
-6 -12 6 180 210 230
-6 -12 7 180 210 230
-6 -11 -14 200 30 30
-6 -11 -13 180 10 10
-6 -11 -12 120 70 40
-6 -11 -11 180 10 10
-6 -11 -10 200 30 30
-6 -11 -9 180 210 230
-6 -11 -8 180 210 230
-6 -11 -7 180 210 230
-6 -11 -6 180 210 230
-6 -11 -5 190 210 80
-6 -11 -4 230 230 150
-6 -11 -3 230 230 150
-6 -11 -2 230 230 150
-6 -11 -1 230 230 150
-6 -11 0 230 230 150
-6 -11 1 190 210 80
-6 -11 6 180 210 230
-6 -11 7 180 210 230
-6 -11 8 180 210 230
-6 -11 9 180 210 230
-6 -10 -14 200 30 30
-6 -10 -13 180 10 10
-6 -10 -12 180 10 10
-6 -10 -11 180 10 10
-6 -10 -10 200 30 30
-6 -10 -9 180 210 230
-6 -10 -5 190 210 80
-6 -10 -4 230 230 150
-6 -10 -3 230 230 150
-6 -10 -2 230 230 150
-6 -10 -1 230 230 150
-6 -10 0 230 230 150
-6 -10 1 190 210 80
-6 -10 9 180 210 230
-6 -10 10 180 210 230
-6 -10 11 180 210 230
-6 -10 12 180 210 230
-6 -9 -14 180 210 230
-6 -9 -13 200 30 30
-6 -9 -12 200 30 30
-6 -9 -11 200 30 30
-6 -9 -5 190 210 80
-6 -9 -4 190 210 80
-6 -9 -3 230 230 150
-6 -9 -2 230 230 150
-6 -9 -1 230 230 150
-6 -9 0 190 210 80
-6 -9 1 190 210 80
-6 -9 12 180 210 230
-6 -9 13 180 210 230
-6 -9 14 180 210 230
-6 -8 -16 180 210 230
-6 -8 -15 180 210 230
-6 -8 -14 180 210 230
-6 -8 -4 190 210 80
-6 -8 -3 190 210 80
-6 -8 -2 190 210 80
-6 -8 -1 190 210 80
-6 -8 0 190 210 80
-6 -8 14 180 210 230
-6 -8 15 180 210 230
-6 -8 16 180 210 230
-6 -7 -18 180 210 230
-6 -7 -17 180 210 230
-6 -7 -16 180 210 230
-6 -7 16 180 210 230
-6 -7 17 180 210 230
-6 -7 18 180 210 230
-6 -6 -21 180 210 230
-6 -6 -20 180 210 230
-6 -6 -19 180 210 230
-6 -6 19 180 210 230
-6 -6 20 180 210 230
-6 -6 21 180 210 230
-5 -15 -3 190 210 80
-5 -15 -2 190 210 80
-5 -15 -1 190 210 80
-5 -14 -4 190 210 80
-5 -14 -3 190 210 80
-5 -14 -2 190 210 80
-5 -14 -1 190 210 80
-5 -14 0 190 210 80
-5 -13 -13 200 30 30
-5 -13 -12 200 30 30
-5 -13 -11 200 30 30
-5 -13 -5 180 210 230
-5 -13 -4 190 210 80
-5 -13 -3 230 230 150
-5 -13 -2 230 230 150
-5 -13 -1 230 230 150
-5 -13 0 190 210 80
-5 -13 1 180 210 230
-5 -13 2 180 210 230
-5 -13 3 180 210 230
-5 -13 4 180 210 230
-5 -13 5 180 210 230
-5 -12 -14 200 30 30
-5 -12 -13 180 10 10
-5 -12 -12 120 70 40
-5 -12 -11 180 10 10
-5 -12 -10 200 30 30
-5 -12 -7 180 210 230
-5 -12 -6 180 210 230
-5 -12 -5 190 210 80
-5 -12 -4 190 210 80
-5 -12 -3 230 230 150
-5 -12 -2 230 230 150
-5 -12 -1 230 230 150
-5 -12 0 190 210 80
-5 -12 1 190 210 80
-5 -12 4 180 210 230
-5 -12 5 180 210 230
-5 -12 6 180 210 230
-5 -12 7 180 210 230
-5 -11 -14 200 30 30
-5 -11 -13 120 70 40
-5 -11 -12 120 70 40
-5 -11 -11 120 70 40
-5 -11 -10 200 30 30
-5 -11 -9 180 210 230
-5 -11 -8 180 210 230
-5 -11 -7 180 210 230
-5 -11 -4 190 210 80
-5 -11 -3 230 230 150
-5 -11 -2 230 230 150
-5 -11 -1 230 230 150
-5 -11 0 190 210 80
-5 -11 7 180 210 230
-5 -11 8 180 210 230
-5 -11 9 180 210 230
-5 -11 10 180 210 230
-5 -10 -14 200 30 30
-5 -10 -13 180 10 10
-5 -10 -12 120 70 40
-5 -10 -11 180 10 10
-5 -10 -10 200 30 30
-5 -10 -4 190 210 80
-5 -10 -3 190 210 80
-5 -10 -2 190 210 80
-5 -10 -1 190 210 80
-5 -10 0 190 210 80
-5 -10 10 180 210 230
-5 -10 11 180 210 230
-5 -10 12 180 210 230
-5 -9 -14 180 210 230
-5 -9 -13 200 30 30
-5 -9 -12 200 30 30
-5 -9 -11 200 30 30
-5 -9 -3 190 210 80
-5 -9 -2 190 210 80
-5 -9 -1 190 210 80
-5 -9 12 180 210 230
-5 -9 13 180 210 230
-5 -9 14 180 210 230
-5 -8 -17 180 210 230
-5 -8 -16 180 210 230
-5 -8 -15 180 210 230
-5 -8 -14 180 210 230
-5 -8 -12 80 50 20
-5 -8 14 180 210 230
-5 -8 15 180 210 230
-5 -8 16 180 210 230
-5 -8 17 180 210 230
-5 -7 -19 180 210 230
-5 -7 -18 180 210 230
-5 -7 -17 180 210 230
-5 -7 -12 80 50 20
-5 -7 17 180 210 230
-5 -7 18 180 210 230
-5 -7 19 180 210 230
-5 -6 -21 180 210 230
-5 -6 -20 180 210 230
-5 -6 -19 180 210 230
-5 -6 -12 80 50 20
-5 -6 19 180 210 230
-5 -6 20 180 210 230
-5 -6 21 180 210 230
-4 -14 -3 180 210 230
-4 -14 -2 180 210 230
-4 -14 -1 180 210 230
-4 -14 0 180 210 230
-4 -14 1 180 210 230
-4 -14 2 180 210 230
-4 -14 3 180 210 230
-4 -13 -13 200 30 30
-4 -13 -12 200 30 30
-4 -13 -11 200 30 30
-4 -13 -5 180 210 230
-4 -13 -4 180 210 230
-4 -13 -3 180 210 230
-4 -13 -2 180 210 230
-4 -13 2 180 210 230
-4 -13 3 180 210 230
-4 -13 4 180 210 230
-4 -13 5 180 210 230
-4 -12 -14 200 30 30
-4 -12 -13 180 10 10
-4 -12 -12 180 10 10
-4 -12 -11 180 10 10
-4 -12 -10 200 30 30
-4 -12 -8 180 210 230
-4 -12 -7 180 210 230
-4 -12 -6 180 210 230
-4 -12 -5 180 210 230
-4 -12 -2 190 210 80
-4 -12 5 180 210 230
-4 -12 6 180 210 230
-4 -12 7 180 210 230
-4 -12 8 180 210 230
-4 -11 -14 200 30 30
-4 -11 -13 180 10 10
-4 -11 -12 120 70 40
-4 -11 -11 180 10 10
-4 -11 -10 200 30 30
-4 -11 -9 180 210 230
-4 -11 -8 180 210 230
-4 -11 8 180 210 230
-4 -11 9 180 210 230
-4 -11 10 180 210 230
-4 -10 -14 200 30 30
-4 -10 -13 180 10 10
-4 -10 -12 180 10 10
-4 -10 -11 180 10 10
-4 -10 -10 200 30 30
-4 -10 10 180 210 230
-4 -10 11 180 210 230
-4 -10 12 180 210 230
-4 -9 -15 180 210 230
-4 -9 -14 180 210 230
-4 -9 -13 200 30 30
-4 -9 -12 200 30 30
-4 -9 -11 200 30 30
-4 -9 12 180 210 230
-4 -9 13 180 210 230
-4 -9 14 180 210 230
-4 -9 15 180 210 230
-4 -8 -17 180 210 230
-4 -8 -16 180 210 230
-4 -8 -15 180 210 230
-4 -8 15 180 210 230
-4 -8 16 180 210 230
-4 -8 17 180 210 230
-4 -7 -19 180 210 230
-4 -7 -18 180 210 230
-4 -7 -17 180 210 230
-4 -7 17 180 210 230
-4 -7 18 180 210 230
-4 -7 19 180 210 230
-4 -6 -21 180 210 230
-4 -6 -20 180 210 230
-4 -6 -19 180 210 230
-4 -6 19 180 210 230
-4 -6 20 180 210 230
-4 -6 21 180 210 230
-3 -14 -4 180 210 230
-3 -14 -3 180 210 230
-3 -14 -2 180 210 230
-3 -14 -1 180 210 230
-3 -14 0 180 210 230
-3 -14 1 180 210 230
-3 -14 2 180 210 230
-3 -14 3 180 210 230
-3 -14 4 180 210 230
-3 -13 -6 180 210 230
-3 -13 -5 180 210 230
-3 -13 -4 180 210 230
-3 -13 -3 180 210 230
-3 -13 3 180 210 230
-3 -13 4 180 210 230
-3 -13 5 180 210 230
-3 -13 6 180 210 230
-3 -12 -13 200 30 30
-3 -12 -12 200 30 30
-3 -12 -11 200 30 30
-3 -12 -8 180 210 230
-3 -12 -7 180 210 230
-3 -12 -6 180 210 230
-3 -12 6 180 210 230
-3 -12 7 180 210 230
-3 -12 8 180 210 230
-3 -11 -13 200 30 30
-3 -11 -12 200 30 30
-3 -11 -11 200 30 30
-3 -11 -10 180 210 230
-3 -11 -9 180 210 230
-3 -11 -8 180 210 230
-3 -11 8 180 210 230
-3 -11 9 180 210 230
-3 -11 10 180 210 230
-3 -10 -13 200 30 30
-3 -10 -12 200 30 30
-3 -10 -11 200 30 30
-3 -10 11 180 210 230
-3 -10 12 180 210 230
-3 -10 13 180 210 230
-3 -9 -15 180 210 230
-3 -9 -14 180 210 230
-3 -9 -13 180 210 230
-3 -9 13 180 210 230
-3 -9 14 180 210 230
-3 -9 15 180 210 230
-3 -8 -17 180 210 230
-3 -8 -16 180 210 230
-3 -8 -15 180 210 230
-3 -8 15 180 210 230
-3 -8 16 180 210 230
-3 -8 17 180 210 230
-3 -7 -19 180 210 230
-3 -7 -18 180 210 230
-3 -7 -17 180 210 230
-3 -7 17 180 210 230
-3 -7 18 180 210 230
-3 -7 19 180 210 230
-3 -6 -21 180 210 230
-3 -6 -20 180 210 230
-3 -6 -19 180 210 230
-3 -6 19 180 210 230
-3 -6 20 180 210 230
-3 -6 21 180 210 230
-2 -14 -4 180 210 230
-2 -14 -3 180 210 230
-2 -14 -2 180 210 230
-2 -14 -1 180 210 230
-2 -14 1 180 210 230
-2 -14 2 180 210 230
-2 -14 3 180 210 230
-2 -14 4 180 210 230
-2 -13 -6 180 210 230
-2 -13 -5 180 210 230
-2 -13 -4 180 210 230
-2 -13 4 180 210 230
-2 -13 5 180 210 230
-2 -13 6 180 210 230
-2 -12 -9 180 210 230
-2 -12 -8 180 210 230
-2 -12 -7 180 210 230
-2 -12 -6 180 210 230
-2 -12 6 180 210 230
-2 -12 7 180 210 230
-2 -12 8 180 210 230
-2 -12 9 180 210 230
-2 -11 -11 180 210 230
-2 -11 -10 180 210 230
-2 -11 -9 180 210 230
-2 -11 9 180 210 230
-2 -11 10 180 210 230
-2 -11 11 180 210 230
-2 -10 -13 180 210 230
-2 -10 -12 180 210 230
-2 -10 -11 180 210 230
-2 -10 11 180 210 230
-2 -10 12 180 210 230
-2 -10 13 180 210 230
-2 -9 -15 180 210 230
-2 -9 -14 180 210 230
-2 -9 -13 180 210 230
-2 -9 13 180 210 230
-2 -9 14 180 210 230
-2 -9 15 180 210 230
-2 -8 -17 180 210 230
-2 -8 -16 180 210 230
-2 -8 -15 180 210 230
-2 -8 15 180 210 230
-2 -8 16 180 210 230
-2 -8 17 180 210 230
-2 -7 -19 180 210 230
-2 -7 -18 180 210 230
-2 -7 -17 180 210 230
-2 -7 17 180 210 230
-2 -7 18 180 210 230
-2 -7 19 180 210 230
-2 -6 -21 180 210 230
-2 -6 -20 180 210 230
-2 -6 -19 180 210 230
-2 -6 19 180 210 230
-2 -6 20 180 210 230
-2 -6 21 180 210 230
-1 -14 -4 180 210 230
-1 -14 -3 180 210 230
-1 -14 -2 180 210 230
-1 -14 2 180 210 230
-1 -14 3 180 210 230
-1 -14 4 180 210 230
-1 -13 -7 180 210 230
-1 -13 -6 180 210 230
-1 -13 -5 180 210 230
-1 -13 5 180 210 230
-1 -13 6 180 210 230
-1 -13 7 180 210 230
-1 -12 -9 180 210 230
-1 -12 -8 180 210 230
-1 -12 -7 180 210 230
-1 -12 7 180 210 230
-1 -12 8 180 210 230
-1 -12 9 180 210 230
-1 -11 -11 180 210 230
-1 -11 -10 180 210 230
-1 -11 -9 180 210 230
-1 -11 9 180 210 230
-1 -11 10 180 210 230
-1 -11 11 180 210 230
-1 -10 -13 180 210 230
-1 -10 -12 180 210 230
-1 -10 -11 180 210 230
-1 -10 11 180 210 230
-1 -10 12 180 210 230
-1 -10 13 180 210 230
-1 -9 -15 180 210 230
-1 -9 -14 180 210 230
-1 -9 -13 180 210 230
-1 -9 13 180 210 230
-1 -9 14 180 210 230
-1 -9 15 180 210 230
-1 -8 -17 180 210 230
-1 -8 -16 180 210 230
-1 -8 -15 180 210 230
-1 -8 15 180 210 230
-1 -8 16 180 210 230
-1 -8 17 180 210 230
-1 -7 -19 180 210 230
-1 -7 -18 180 210 230
-1 -7 -17 180 210 230
-1 -7 17 180 210 230
-1 -7 18 180 210 230
-1 -7 19 180 210 230
-1 -6 -21 180 210 230
-1 -6 -20 180 210 230
-1 -6 -19 180 210 230
-1 -6 19 180 210 230
-1 -6 20 180 210 230
-1 -6 21 180 210 230
0 -14 -5 180 210 230
0 -14 -4 180 210 230
0 -14 -3 180 210 230
0 -14 3 180 210 230
0 -14 4 180 210 230
0 -14 5 180 210 230
0 -13 -7 180 210 230
0 -13 -6 180 210 230
0 -13 -5 180 210 230
0 -13 5 180 210 230
0 -13 6 180 210 230
0 -13 7 180 210 230
0 -12 -9 180 210 230
0 -12 -8 180 210 230
0 -12 -7 180 210 230
0 -12 7 180 210 230
0 -12 8 180 210 230
0 -12 9 180 210 230
0 -11 -11 180 210 230
0 -11 -10 180 210 230
0 -11 -9 180 210 230
0 -11 9 180 210 230
0 -11 10 180 210 230
0 -11 11 180 210 230
0 -10 -13 180 210 230
0 -10 -12 180 210 230
0 -10 -11 180 210 230
0 -10 11 180 210 230
0 -10 12 180 210 230
0 -10 13 180 210 230
0 -9 -15 180 210 230
0 -9 -14 180 210 230
0 -9 -13 180 210 230
0 -9 13 180 210 230
0 -9 14 180 210 230
0 -9 15 180 210 230
0 -8 -17 180 210 230
0 -8 -16 180 210 230
0 -8 -15 180 210 230
0 -8 15 180 210 230
0 -8 16 180 210 230
0 -8 17 180 210 230
0 -7 -19 180 210 230
0 -7 -18 180 210 230
0 -7 -17 180 210 230
0 -7 17 180 210 230
0 -7 18 180 210 230
0 -7 19 180 210 230
0 -6 -22 180 210 230
0 -6 -21 180 210 230
0 -6 -20 180 210 230
0 -6 20 180 210 230
0 -6 21 180 210 230
0 -6 22 180 210 230
1 -14 -4 180 210 230
1 -14 -3 180 210 230
1 -14 -2 180 210 230
1 -14 2 180 210 230
1 -14 3 180 210 230
1 -14 4 180 210 230
1 -13 -7 180 210 230
1 -13 -6 180 210 230
1 -13 -5 180 210 230
1 -13 5 180 210 230
1 -13 6 180 210 230
1 -13 7 180 210 230
1 -12 -9 180 210 230
1 -12 -8 180 210 230
1 -12 -7 180 210 230
1 -12 5 240 230 50
1 -12 7 180 210 230
1 -12 8 180 210 230
1 -12 9 180 210 230
1 -11 -11 180 210 230
1 -11 -10 180 210 230
1 -11 -9 180 210 230
1 -11 9 180 210 230
1 -11 10 180 210 230
1 -11 11 180 210 230
1 -10 -13 180 210 230
1 -10 -12 180 210 230
1 -10 -11 180 210 230
1 -10 11 180 210 230
1 -10 12 180 210 230
1 -10 13 180 210 230
1 -9 -15 180 210 230
1 -9 -14 180 210 230
1 -9 -13 180 210 230
1 -9 13 180 210 230
1 -9 14 180 210 230
1 -9 15 180 210 230
1 -8 -17 180 210 230
1 -8 -16 180 210 230
1 -8 -15 180 210 230
1 -8 15 180 210 230
1 -8 16 180 210 230
1 -8 17 180 210 230
1 -7 -19 180 210 230
1 -7 -18 180 210 230
1 -7 -17 180 210 230
1 -7 17 180 210 230
1 -7 18 180 210 230
1 -7 19 180 210 230
1 -6 -21 180 210 230
1 -6 -20 180 210 230
1 -6 -19 180 210 230
1 -6 19 180 210 230
1 -6 20 180 210 230
1 -6 21 180 210 230
2 -15 5 240 230 50
2 -15 6 240 230 50
2 -14 -4 180 210 230
2 -14 -3 180 210 230
2 -14 -2 180 210 230
2 -14 -1 180 210 230
2 -14 1 180 210 230
2 -14 2 180 210 230
2 -14 3 180 210 230
2 -14 4 240 230 50
2 -14 5 240 230 50
2 -14 6 240 230 50
2 -14 7 240 230 50
2 -13 -6 180 210 230
2 -13 -5 180 210 230
2 -13 -4 180 210 230
2 -13 3 240 230 50
2 -13 4 240 230 50
2 -13 5 255 245 200
2 -13 6 240 230 50
2 -13 7 240 230 50
2 -12 -9 180 210 230
2 -12 -8 180 210 230
2 -12 -7 180 210 230
2 -12 -6 180 210 230
2 -12 3 240 230 50
2 -12 4 240 230 50
2 -12 5 255 245 200
2 -12 6 240 230 50
2 -12 7 240 230 50
2 -12 8 180 210 230
2 -12 9 180 210 230
2 -11 -11 180 210 230
2 -11 -10 180 210 230
2 -11 -9 180 210 230
2 -11 3 240 230 50
2 -11 4 240 230 50
2 -11 5 255 245 200
2 -11 6 240 230 50
2 -11 7 240 230 50
2 -11 9 180 210 230
2 -11 10 180 210 230
2 -11 11 180 210 230
2 -10 -13 180 210 230
2 -10 -12 180 210 230
2 -10 -11 180 210 230
2 -10 4 240 230 50
2 -10 5 240 230 50
2 -10 6 240 230 50
2 -10 7 240 230 50
2 -10 11 180 210 230
2 -10 12 180 210 230
2 -10 13 180 210 230
2 -9 -15 180 210 230
2 -9 -14 180 210 230
2 -9 -13 180 210 230
2 -9 5 240 230 50
2 -9 6 240 230 50
2 -9 13 180 210 230
2 -9 14 180 210 230
2 -9 15 180 210 230
2 -8 -17 180 210 230
2 -8 -16 180 210 230
2 -8 -15 180 210 230
2 -8 15 180 210 230
2 -8 16 180 210 230
2 -8 17 180 210 230
2 -7 -19 180 210 230
2 -7 -18 180 210 230
2 -7 -17 180 210 230
2 -7 17 180 210 230
2 -7 18 180 210 230
2 -7 19 180 210 230
2 -6 -21 180 210 230
2 -6 -20 180 210 230
2 -6 -19 180 210 230
2 -6 19 180 210 230
2 -6 20 180 210 230
2 -6 21 180 210 230
3 -15 4 240 230 50
3 -15 5 240 230 50
3 -15 6 240 230 50
3 -15 7 240 230 50
3 -14 -4 180 210 230
3 -14 -3 180 210 230
3 -14 -2 180 210 230
3 -14 -1 180 210 230
3 -14 0 180 210 230
3 -14 1 180 210 230
3 -14 2 180 210 230
3 -14 3 240 230 50
3 -14 4 240 230 50
3 -14 5 255 245 200
3 -14 6 255 245 200
3 -14 7 240 230 50
3 -13 -6 180 210 230
3 -13 -5 180 210 230
3 -13 -4 180 210 230
3 -13 -3 180 210 230
3 -13 3 240 230 50
3 -13 4 255 245 200
3 -13 5 180 160 100
3 -13 6 255 245 200
3 -13 7 240 230 50
3 -12 -8 180 210 230
3 -12 -7 180 210 230
3 -12 -6 180 210 230
3 -12 2 240 230 50
3 -12 3 240 230 50
3 -12 4 255 245 200
3 -12 5 180 160 100
3 -12 6 255 245 200
3 -12 7 240 230 50
3 -12 8 240 230 50
3 -11 -10 180 210 230
3 -11 -9 180 210 230
3 -11 -8 180 210 230
3 -11 3 240 230 50
3 -11 4 255 245 200
3 -11 5 180 160 100
3 -11 6 255 245 200
3 -11 7 240 230 50
3 -11 8 180 210 230
3 -11 9 180 210 230
3 -11 10 180 210 230
3 -10 -13 180 210 230
3 -10 -12 180 210 230
3 -10 -11 180 210 230
3 -10 3 240 230 50
3 -10 4 240 230 50
3 -10 5 255 245 200
3 -10 6 255 245 200
3 -10 7 240 230 50
3 -10 11 180 210 230
3 -10 12 180 210 230
3 -10 13 180 210 230
3 -9 -15 180 210 230
3 -9 -14 180 210 230
3 -9 -13 180 210 230
3 -9 4 240 230 50
3 -9 5 240 230 50
3 -9 6 240 230 50
3 -9 7 240 230 50
3 -9 13 180 210 230
3 -9 14 180 210 230
3 -9 15 180 210 230
3 -8 -17 180 210 230
3 -8 -16 180 210 230
3 -8 -15 180 210 230
3 -8 15 180 210 230
3 -8 16 180 210 230
3 -8 17 180 210 230
3 -7 -19 180 210 230
3 -7 -18 180 210 230
3 -7 -17 180 210 230
3 -7 17 180 210 230
3 -7 18 180 210 230
3 -7 19 180 210 230
3 -6 -21 180 210 230
3 -6 -20 180 210 230
3 -6 -19 180 210 230
3 -6 19 180 210 230
3 -6 20 180 210 230
3 -6 21 180 210 230
4 -15 5 240 230 50
4 -15 6 240 230 50
4 -14 -3 180 210 230
4 -14 -2 180 210 230
4 -14 -1 180 210 230
4 -14 0 180 210 230
4 -14 1 180 210 230
4 -14 2 180 210 230
4 -14 3 180 210 230
4 -14 4 240 230 50
4 -14 5 240 230 50
4 -14 6 240 230 50
4 -14 7 240 230 50
4 -13 -5 180 210 230
4 -13 -4 180 210 230
4 -13 -3 180 210 230
4 -13 -2 180 210 230
4 -13 2 180 210 230
4 -13 3 240 230 50
4 -13 4 240 230 50
4 -13 5 255 245 200
4 -13 6 240 230 50
4 -13 7 240 230 50
4 -12 -8 180 210 230
4 -12 -7 180 210 230
4 -12 -6 180 210 230
4 -12 -5 180 210 230
4 -12 3 240 230 50
4 -12 4 240 230 50
4 -12 5 255 245 200
4 -12 6 240 230 50
4 -12 7 240 230 50
4 -12 8 180 210 230
4 -11 -10 180 210 230
4 -11 -9 180 210 230
4 -11 -8 180 210 230
4 -11 3 240 230 50
4 -11 4 240 230 50
4 -11 5 255 245 200
4 -11 6 240 230 50
4 -11 7 240 230 50
4 -11 8 180 210 230
4 -11 9 180 210 230
4 -11 10 180 210 230
4 -10 -12 180 210 230
4 -10 -11 180 210 230
4 -10 -10 180 210 230
4 -10 4 240 230 50
4 -10 5 240 230 50
4 -10 6 240 230 50
4 -10 7 240 230 50
4 -10 10 180 210 230
4 -10 11 180 210 230
4 -10 12 180 210 230
4 -9 -15 180 210 230
4 -9 -14 180 210 230
4 -9 -13 180 210 230
4 -9 -12 180 210 230
4 -9 5 240 230 50
4 -9 6 240 230 50
4 -9 12 180 210 230
4 -9 13 180 210 230
4 -9 14 180 210 230
4 -9 15 180 210 230
4 -8 -17 180 210 230
4 -8 -16 180 210 230
4 -8 -15 180 210 230
4 -8 15 180 210 230
4 -8 16 180 210 230
4 -8 17 180 210 230
4 -7 -19 180 210 230
4 -7 -18 180 210 230
4 -7 -17 180 210 230
4 -7 17 180 210 230
4 -7 18 180 210 230
4 -7 19 180 210 230
4 -6 -21 180 210 230
4 -6 -20 180 210 230
4 -6 -19 180 210 230
4 -6 19 180 210 230
4 -6 20 180 210 230
4 -6 21 180 210 230
5 -14 0 180 210 230
5 -13 -5 180 210 230
5 -13 -4 180 210 230
5 -13 -3 180 210 230
5 -13 -2 180 210 230
5 -13 -1 180 210 230
5 -13 0 180 210 230
5 -13 1 180 210 230
5 -13 2 180 210 230
5 -13 3 180 210 230
5 -13 4 180 210 230
5 -13 5 180 210 230
5 -12 -7 180 210 230
5 -12 -6 180 210 230
5 -12 -5 180 210 230
5 -12 -4 180 210 230
5 -12 4 180 210 230
5 -12 5 240 230 50
5 -12 6 180 210 230
5 -12 7 180 210 230
5 -11 -10 180 210 230
5 -11 -9 180 210 230
5 -11 -8 180 210 230
5 -11 -7 180 210 230
5 -11 7 180 210 230
5 -11 8 180 210 230
5 -11 9 180 210 230
5 -11 10 180 210 230
5 -10 -12 180 210 230
5 -10 -11 180 210 230
5 -10 -10 180 210 230
5 -10 10 180 210 230
5 -10 11 180 210 230
5 -10 12 180 210 230
5 -9 -14 180 210 230
5 -9 -13 180 210 230
5 -9 -12 180 210 230
5 -9 12 180 210 230
5 -9 13 180 210 230
5 -9 14 180 210 230
5 -8 -17 180 210 230
5 -8 -16 180 210 230
5 -8 -15 180 210 230
5 -8 -14 180 210 230
5 -8 14 180 210 230
5 -8 15 180 210 230
5 -8 16 180 210 230
5 -8 17 180 210 230
5 -7 -19 180 210 230
5 -7 -18 180 210 230
5 -7 -17 180 210 230
5 -7 17 180 210 230
5 -7 18 180 210 230
5 -7 19 180 210 230
5 -6 -21 180 210 230
5 -6 -20 180 210 230
5 -6 -19 180 210 230
5 -6 19 180 210 230
5 -6 20 180 210 230
5 -6 21 180 210 230
6 -13 -3 180 210 230
6 -13 -2 180 210 230
6 -13 -1 180 210 230
6 -13 0 180 210 230
6 -13 1 180 210 230
6 -13 2 180 210 230
6 -13 3 180 210 230
6 -12 -7 180 210 230
6 -12 -6 180 210 230
6 -12 -5 180 210 230
6 -12 -4 180 210 230
6 -12 -3 180 210 230
6 -12 -2 180 210 230
6 -12 2 180 210 230
6 -12 3 180 210 230
6 -12 4 180 210 230
6 -12 5 180 210 230
6 -12 6 180 210 230
6 -12 7 180 210 230
6 -11 -9 180 210 230
6 -11 -8 180 210 230
6 -11 -7 180 210 230
6 -11 -6 180 210 230
6 -11 6 180 210 230
6 -11 7 180 210 230
6 -11 8 180 210 230
6 -11 9 180 210 230
6 -10 -12 180 210 230
6 -10 -11 180 210 230
6 -10 -10 180 210 230
6 -10 -9 180 210 230
6 -10 9 180 210 230
6 -10 10 180 210 230
6 -10 11 180 210 230
6 -10 12 180 210 230
6 -9 -14 180 210 230
6 -9 -13 180 210 230
6 -9 -12 180 210 230
6 -9 12 180 210 230
6 -9 13 180 210 230
6 -9 14 180 210 230
6 -8 -16 180 210 230
6 -8 -15 180 210 230
6 -8 -14 180 210 230
6 -8 14 180 210 230
6 -8 15 180 210 230
6 -8 16 180 210 230
6 -7 -18 180 210 230
6 -7 -17 180 210 230
6 -7 -16 180 210 230
6 -7 16 180 210 230
6 -7 17 180 210 230
6 -7 18 180 210 230
6 -6 -21 180 210 230
6 -6 -20 180 210 230
6 -6 -19 180 210 230
6 -6 19 180 210 230
6 -6 20 180 210 230
6 -6 21 180 210 230
7 -13 -1 180 210 230
7 -13 0 180 210 230
7 -13 1 180 210 230
7 -12 -6 180 210 230
7 -12 -5 180 210 230
7 -12 -4 180 210 230
7 -12 -3 180 210 230
7 -12 -2 180 210 230
7 -12 -1 180 210 230
7 -12 0 180 210 230
7 -12 1 180 210 230
7 -12 2 180 210 230
7 -12 3 180 210 230
7 -12 4 180 210 230
7 -12 5 180 210 230
7 -12 6 180 210 230
7 -11 -8 180 210 230
7 -11 -7 180 210 230
7 -11 -6 180 210 230
7 -11 -5 180 210 230
7 -11 5 180 210 230
7 -11 6 180 210 230
7 -11 7 180 210 230
7 -11 8 180 210 230
7 -10 -11 180 210 230
7 -10 -10 180 210 230
7 -10 -9 180 210 230
7 -10 -8 180 210 230
7 -10 8 180 210 230
7 -10 9 180 210 230
7 -10 10 180 210 230
7 -10 11 180 210 230
7 -9 -13 180 210 230
7 -9 -12 180 210 230
7 -9 -11 180 210 230
7 -9 11 180 210 230
7 -9 12 180 210 230
7 -9 13 180 210 230
7 -8 -16 180 210 230
7 -8 -15 180 210 230
7 -8 -14 180 210 230
7 -8 -13 180 210 230
7 -8 13 180 210 230
7 -8 14 180 210 230
7 -8 15 180 210 230
7 -8 16 180 210 230
7 -7 -18 180 210 230
7 -7 -17 180 210 230
7 -7 -16 180 210 230
7 -7 16 180 210 230
7 -7 17 180 210 230
7 -7 18 180 210 230
7 -6 -20 180 210 230
7 -6 -19 180 210 230
7 -6 -18 180 210 230
7 -6 18 180 210 230
7 -6 19 180 210 230
7 -6 20 180 210 230
8 -12 -4 180 210 230
8 -12 -3 180 210 230
8 -12 -2 180 210 230
8 -12 -1 180 210 230
8 -12 0 180 210 230
8 -12 1 180 210 230
8 -12 2 180 210 230
8 -12 3 180 210 230
8 -12 4 180 210 230
8 -12 9 200 30 30
8 -12 10 200 30 30
8 -12 11 200 30 30
8 -11 -8 180 210 230
8 -11 -7 180 210 230
8 -11 -6 180 210 230
8 -11 -5 180 210 230
8 -11 -4 180 210 230
8 -11 -3 180 210 230
8 -11 3 180 210 230
8 -11 4 180 210 230
8 -11 5 180 210 230
8 -11 6 180 210 230
8 -11 7 180 210 230
8 -11 8 180 210 230
8 -11 9 200 30 30
8 -11 10 200 30 30
8 -11 11 200 30 30
8 -10 -10 180 210 230
8 -10 -9 180 210 230
8 -10 -8 180 210 230
8 -10 -7 180 210 230
8 -10 7 180 210 230
8 -10 8 180 210 230
8 -10 9 200 30 30
8 -10 10 200 30 30
8 -10 11 200 30 30
8 -9 -13 180 210 230
8 -9 -12 180 210 230
8 -9 -11 180 210 230
8 -9 -10 180 210 230
8 -9 10 180 210 230
8 -9 11 180 210 230
8 -9 12 180 210 230
8 -9 13 180 210 230
8 -8 -15 180 210 230
8 -8 -14 180 210 230
8 -8 -13 180 210 230
8 -8 13 180 210 230
8 -8 14 180 210 230
8 -8 15 180 210 230
8 -7 -18 180 210 230
8 -7 -17 180 210 230
8 -7 -16 180 210 230
8 -7 -15 180 210 230
8 -7 15 180 210 230
8 -7 16 180 210 230
8 -7 17 180 210 230
8 -7 18 180 210 230
8 -6 -20 180 210 230
8 -6 -19 180 210 230
8 -6 -18 180 210 230
8 -6 18 180 210 230
8 -6 19 180 210 230
8 -6 20 180 210 230
9 -13 9 200 30 30
9 -13 10 200 30 30
9 -13 11 200 30 30
9 -12 -2 180 210 230
9 -12 -1 180 210 230
9 -12 0 180 210 230
9 -12 1 180 210 230
9 -12 2 180 210 230
9 -12 8 200 30 30
9 -12 9 180 10 10
9 -12 10 180 10 10
9 -12 11 180 10 10
9 -12 12 200 30 30
9 -11 -6 180 210 230
9 -11 -5 180 210 230
9 -11 -4 180 210 230
9 -11 -3 180 210 230
9 -11 -2 180 210 230
9 -11 -1 180 210 230
9 -11 0 180 210 230
9 -11 1 180 210 230
9 -11 2 180 210 230
9 -11 3 180 210 230
9 -11 4 180 210 230
9 -11 5 180 210 230
9 -11 6 180 210 230
9 -11 8 200 30 30
9 -11 9 180 10 10
9 -11 10 120 70 40
9 -11 11 180 10 10
9 -11 12 200 30 30
9 -10 -10 180 210 230
9 -10 -9 180 210 230
9 -10 -8 180 210 230
9 -10 -7 180 210 230
9 -10 -6 180 210 230
9 -10 6 180 210 230
9 -10 7 180 210 230
9 -10 8 200 30 30
9 -10 9 180 10 10
9 -10 10 180 10 10
9 -10 11 180 10 10
9 -10 12 200 30 30
9 -9 -12 180 210 230
9 -9 -11 180 210 230
9 -9 -10 180 210 230
9 -9 -9 180 210 230
9 -9 9 200 30 30
9 -9 10 200 30 30
9 -9 11 200 30 30
9 -9 12 180 210 230
9 -8 -15 180 210 230
9 -8 -14 180 210 230
9 -8 -13 180 210 230
9 -8 -12 180 210 230
9 -8 12 180 210 230
9 -8 13 180 210 230
9 -8 14 180 210 230
9 -8 15 180 210 230
9 -7 -17 180 210 230
9 -7 -16 180 210 230
9 -7 -15 180 210 230
9 -7 15 180 210 230
9 -7 16 180 210 230
9 -7 17 180 210 230
9 -6 -20 180 210 230
9 -6 -19 180 210 230
9 -6 -18 180 210 230
9 -6 -17 180 210 230
9 -6 17 180 210 230
9 -6 18 180 210 230
9 -6 19 180 210 230
9 -6 20 180 210 230
10 -13 9 200 30 30
10 -13 10 200 30 30
10 -13 11 200 30 30
10 -12 8 200 30 30
10 -12 9 180 10 10
10 -12 10 120 70 40
10 -12 11 180 10 10
10 -12 12 200 30 30
10 -11 -5 180 210 230
10 -11 -4 180 210 230
10 -11 -3 180 210 230
10 -11 -2 180 210 230
10 -11 -1 180 210 230
10 -11 0 180 210 230
10 -11 1 180 210 230
10 -11 2 180 210 230
10 -11 3 180 210 230
10 -11 4 180 210 230
10 -11 5 180 210 230
10 -11 8 200 30 30
10 -11 9 120 70 40
10 -11 10 120 70 40
10 -11 11 120 70 40
10 -11 12 200 30 30
10 -10 -9 180 210 230
10 -10 -8 180 210 230
10 -10 -7 180 210 230
10 -10 -6 180 210 230
10 -10 -5 180 210 230
10 -10 -4 180 210 230
10 -10 4 180 210 230
10 -10 5 180 210 230
10 -10 6 180 210 230
10 -10 7 180 210 230
10 -10 8 200 30 30
10 -10 9 180 10 10
10 -10 10 120 70 40
10 -10 11 180 10 10
10 -10 12 200 30 30
10 -9 -12 180 210 230
10 -9 -11 180 210 230
10 -9 -10 180 210 230
10 -9 -9 180 210 230
10 -9 -8 180 210 230
10 -9 8 180 210 230
10 -9 9 200 30 30
10 -9 10 200 30 30
10 -9 11 200 30 30
10 -9 12 180 210 230
10 -8 -14 180 210 230
10 -8 -13 180 210 230
10 -8 -12 180 210 230
10 -8 -11 180 210 230
10 -8 10 80 50 20
10 -8 11 180 210 230
10 -8 12 180 210 230
10 -8 13 180 210 230
10 -8 14 180 210 230
10 -7 -17 180 210 230
10 -7 -16 180 210 230
10 -7 -15 180 210 230
10 -7 -14 180 210 230
10 -7 10 80 50 20
10 -7 14 180 210 230
10 -7 15 180 210 230
10 -7 16 180 210 230
10 -7 17 180 210 230
10 -6 -19 180 210 230
10 -6 -18 180 210 230
10 -6 -17 180 210 230
10 -6 10 80 50 20
10 -6 17 180 210 230
10 -6 18 180 210 230
10 -6 19 180 210 230
11 -13 9 200 30 30
11 -13 10 200 30 30
11 -13 11 200 30 30
11 -12 8 200 30 30
11 -12 9 180 10 10
11 -12 10 180 10 10
11 -12 11 180 10 10
11 -12 12 200 30 30
11 -11 -2 180 210 230
11 -11 -1 180 210 230
11 -11 0 180 210 230
11 -11 1 180 210 230
11 -11 2 180 210 230
11 -11 8 200 30 30
11 -11 9 180 10 10
11 -11 10 120 70 40
11 -11 11 180 10 10
11 -11 12 200 30 30
11 -10 -7 180 210 230
11 -10 -6 180 210 230
11 -10 -5 180 210 230
11 -10 -4 180 210 230
11 -10 -3 180 210 230
11 -10 -2 180 210 230
11 -10 -1 180 210 230
11 -10 0 180 210 230
11 -10 1 180 210 230
11 -10 2 180 210 230
11 -10 3 180 210 230
11 -10 4 180 210 230
11 -10 5 180 210 230
11 -10 6 180 210 230
11 -10 7 180 210 230
11 -10 8 200 30 30
11 -10 9 180 10 10
11 -10 10 180 10 10
11 -10 11 180 10 10
11 -10 12 200 30 30
11 -9 -11 180 210 230
11 -9 -10 180 210 230
11 -9 -9 180 210 230
11 -9 -8 180 210 230
11 -9 -7 180 210 230
11 -9 7 180 210 230
11 -9 8 180 210 230
11 -9 9 200 30 30
11 -9 10 200 30 30
11 -9 11 200 30 30
11 -8 -13 180 210 230
11 -8 -12 180 210 230
11 -8 -11 180 210 230
11 -8 -10 180 210 230
11 -8 10 180 210 230
11 -8 11 180 210 230
11 -8 12 180 210 230
11 -8 13 180 210 230
11 -7 -16 180 210 230
11 -7 -15 180 210 230
11 -7 -14 180 210 230
11 -7 -13 180 210 230
11 -7 13 180 210 230
11 -7 14 180 210 230
11 -7 15 180 210 230
11 -7 16 180 210 230
11 -6 -19 180 210 230
11 -6 -18 180 210 230
11 -6 -17 180 210 230
11 -6 -16 180 210 230
11 -6 16 180 210 230
11 -6 17 180 210 230
11 -6 18 180 210 230
11 -6 19 180 210 230
12 -13 -4 200 30 30
12 -13 -3 200 30 30
12 -13 -2 200 30 30
12 -12 -4 200 30 30
12 -12 -3 200 30 30
12 -12 -2 200 30 30
12 -12 9 200 30 30
12 -12 10 200 30 30
12 -12 11 200 30 30
12 -11 -4 200 30 30
12 -11 -3 200 30 30
12 -11 -2 200 30 30
12 -11 9 200 30 30
12 -11 10 200 30 30
12 -11 11 200 30 30
12 -10 -6 180 210 230
12 -10 -5 180 210 230
12 -10 -4 180 210 230
12 -10 -3 180 210 230
12 -10 -2 180 210 230
12 -10 -1 180 210 230
12 -10 0 180 210 230
12 -10 1 180 210 230
12 -10 2 180 210 230
12 -10 3 180 210 230
12 -10 4 180 210 230
12 -10 5 180 210 230
12 -10 6 180 210 230
12 -10 9 200 30 30
12 -10 10 200 30 30
12 -10 11 200 30 30
12 -9 -10 180 210 230
12 -9 -9 180 210 230
12 -9 -8 180 210 230
12 -9 -7 180 210 230
12 -9 -6 180 210 230
12 -9 -5 180 210 230
12 -9 -4 180 210 230
12 -9 4 180 210 230
12 -9 5 180 210 230
12 -9 6 180 210 230
12 -9 7 180 210 230
12 -9 8 180 210 230
12 -9 9 180 210 230
12 -9 10 180 210 230
12 -8 -13 180 210 230
12 -8 -12 180 210 230
12 -8 -11 180 210 230
12 -8 -10 180 210 230
12 -8 -9 180 210 230
12 -8 9 180 210 230
12 -8 10 180 210 230
12 -8 11 180 210 230
12 -8 12 180 210 230
12 -8 13 180 210 230
12 -7 -15 180 210 230
12 -7 -14 180 210 230
12 -7 -13 180 210 230
12 -7 -12 180 210 230
12 -7 12 180 210 230
12 -7 13 180 210 230
12 -7 14 180 210 230
12 -7 15 180 210 230
12 -6 -18 180 210 230
12 -6 -17 180 210 230
12 -6 -16 180 210 230
12 -6 -15 180 210 230
12 -6 15 180 210 230
12 -6 16 180 210 230
12 -6 17 180 210 230
12 -6 18 180 210 230
13 -14 -4 200 30 30
13 -14 -3 200 30 30
13 -14 -2 200 30 30
13 -13 -5 200 30 30
13 -13 -4 180 10 10
13 -13 -3 180 10 10
13 -13 -2 180 10 10
13 -13 -1 200 30 30
13 -12 -5 200 30 30
13 -12 -4 180 10 10
13 -12 -3 120 70 40
13 -12 -2 180 10 10
13 -12 -1 200 30 30
13 -11 -5 200 30 30
13 -11 -4 180 10 10
13 -11 -3 180 10 10
13 -11 -2 180 10 10
13 -11 -1 200 30 30
13 -10 -4 200 30 30
13 -10 -3 200 30 30
13 -10 -2 200 30 30
13 -10 -1 180 210 230
13 -10 0 180 210 230
13 -10 1 180 210 230
13 -10 2 180 210 230
13 -10 3 180 210 230
13 -9 -8 180 210 230
13 -9 -7 180 210 230
13 -9 -6 180 210 230
13 -9 -5 180 210 230
13 -9 -4 180 210 230
13 -9 -3 180 210 230
13 -9 -2 180 210 230
13 -9 -1 180 210 230
13 -9 0 180 210 230
13 -9 1 180 210 230
13 -9 2 180 210 230
13 -9 3 180 210 230
13 -9 4 180 210 230
13 -9 5 180 210 230
13 -9 6 180 210 230
13 -9 7 180 210 230
13 -9 8 180 210 230
13 -8 -12 180 210 230
13 -8 -11 180 210 230
13 -8 -10 180 210 230
13 -8 -9 180 210 230
13 -8 -8 180 210 230
13 -8 -7 180 210 230
13 -8 7 180 210 230
13 -8 8 180 210 230
13 -8 9 180 210 230
13 -8 10 180 210 230
13 -8 11 180 210 230
13 -8 12 180 210 230
13 -7 -15 180 210 230
13 -7 -14 180 210 230
13 -7 -13 180 210 230
13 -7 -12 180 210 230
13 -7 -11 180 210 230
13 -7 11 180 210 230
13 -7 12 180 210 230
13 -7 13 180 210 230
13 -7 14 180 210 230
13 -7 15 180 210 230
13 -6 -17 180 210 230
13 -6 -16 180 210 230
13 -6 -15 180 210 230
13 -6 -14 180 210 230
13 -6 14 180 210 230
13 -6 15 180 210 230
13 -6 16 180 210 230
13 -6 17 180 210 230
14 -14 -4 200 30 30
14 -14 -3 200 30 30
14 -14 -2 200 30 30
14 -13 -5 200 30 30
14 -13 -4 180 10 10
14 -13 -3 120 70 40
14 -13 -2 180 10 10
14 -13 -1 200 30 30
14 -12 -5 200 30 30
14 -12 -4 120 70 40
14 -12 -3 120 70 40
14 -12 -2 120 70 40
14 -12 -1 200 30 30
14 -11 -5 200 30 30
14 -11 -4 180 10 10
14 -11 -3 120 70 40
14 -11 -2 180 10 10
14 -11 -1 200 30 30
14 -10 -4 200 30 30
14 -10 -3 200 30 30
14 -10 -2 200 30 30
14 -9 -6 180 210 230
14 -9 -5 180 210 230
14 -9 -4 180 210 230
14 -9 -3 80 50 20
14 -9 -2 180 210 230
14 -9 -1 180 210 230
14 -9 0 180 210 230
14 -9 1 180 210 230
14 -9 2 180 210 230
14 -9 3 180 210 230
14 -9 4 180 210 230
14 -9 5 180 210 230
14 -9 6 180 210 230
14 -8 -10 180 210 230
14 -8 -9 180 210 230
14 -8 -8 180 210 230
14 -8 -7 180 210 230
14 -8 -6 180 210 230
14 -8 -5 180 210 230
14 -8 -3 80 50 20
14 -8 5 180 210 230
14 -8 6 180 210 230
14 -8 7 180 210 230
14 -8 8 180 210 230
14 -8 9 180 210 230
14 -8 10 180 210 230
14 -7 -14 180 210 230
14 -7 -13 180 210 230
14 -7 -12 180 210 230
14 -7 -11 180 210 230
14 -7 -10 180 210 230
14 -7 -3 80 50 20
14 -7 10 180 210 230
14 -7 11 180 210 230
14 -7 12 180 210 230
14 -7 13 180 210 230
14 -7 14 180 210 230
14 -6 -16 180 210 230
14 -6 -15 180 210 230
14 -6 -14 180 210 230
14 -6 -13 180 210 230
14 -6 13 180 210 230
14 -6 14 180 210 230
14 -6 15 180 210 230
14 -6 16 180 210 230
15 -14 -4 200 30 30
15 -14 -3 200 30 30
15 -14 -2 200 30 30
15 -13 -5 200 30 30
15 -13 -4 180 10 10
15 -13 -3 180 10 10
15 -13 -2 180 10 10
15 -13 -1 200 30 30
15 -12 -5 200 30 30
15 -12 -4 180 10 10
15 -12 -3 120 70 40
15 -12 -2 180 10 10
15 -12 -1 200 30 30
15 -11 -5 200 30 30
15 -11 -4 180 10 10
15 -11 -3 180 10 10
15 -11 -2 180 10 10
15 -11 -1 200 30 30
15 -10 -4 200 30 30
15 -10 -3 200 30 30
15 -10 -2 200 30 30
15 -9 -4 180 210 230
15 -9 -3 180 210 230
15 -9 -2 180 210 230
15 -9 -1 180 210 230
15 -9 0 180 210 230
15 -9 1 180 210 230
15 -9 2 180 210 230
15 -9 3 180 210 230
15 -9 4 180 210 230
15 -8 -9 180 210 230
15 -8 -8 180 210 230
15 -8 -7 180 210 230
15 -8 -6 180 210 230
15 -8 -5 180 210 230
15 -8 -4 180 210 230
15 -8 -3 180 210 230
15 -8 -2 180 210 230
15 -8 -1 180 210 230
15 -8 0 180 210 230
15 -8 1 180 210 230
15 -8 2 180 210 230
15 -8 3 180 210 230
15 -8 4 180 210 230
15 -8 5 180 210 230
15 -8 6 180 210 230
15 -8 7 180 210 230
15 -8 8 180 210 230
15 -8 9 180 210 230
15 -7 -13 180 210 230
15 -7 -12 180 210 230
15 -7 -11 180 210 230
15 -7 -10 180 210 230
15 -7 -9 180 210 230
15 -7 -8 180 210 230
15 -7 8 180 210 230
15 -7 9 180 210 230
15 -7 10 180 210 230
15 -7 11 180 210 230
15 -7 12 180 210 230
15 -7 13 180 210 230
15 -6 -16 180 210 230
15 -6 -15 180 210 230
15 -6 -14 180 210 230
15 -6 -13 180 210 230
15 -6 -12 180 210 230
15 -6 12 180 210 230
15 -6 13 180 210 230
15 -6 14 180 210 230
15 -6 15 180 210 230
15 -6 16 180 210 230
16 -13 -4 200 30 30
16 -13 -3 200 30 30
16 -13 -2 200 30 30
16 -12 -4 200 30 30
16 -12 -3 200 30 30
16 -12 -2 200 30 30
16 -11 -4 200 30 30
16 -11 -3 200 30 30
16 -11 -2 200 30 30
16 -8 -7 180 210 230
16 -8 -6 180 210 230
16 -8 -5 180 210 230
16 -8 -4 180 210 230
16 -8 -3 180 210 230
16 -8 -2 180 210 230
16 -8 -1 180 210 230
16 -8 0 180 210 230
16 -8 1 180 210 230
16 -8 2 180 210 230
16 -8 3 180 210 230
16 -8 4 180 210 230
16 -8 5 180 210 230
16 -8 6 180 210 230
16 -8 7 180 210 230
16 -7 -11 180 210 230
16 -7 -10 180 210 230
16 -7 -9 180 210 230
16 -7 -8 180 210 230
16 -7 -7 180 210 230
16 -7 -6 180 210 230
16 -7 6 180 210 230
16 -7 7 180 210 230
16 -7 8 180 210 230
16 -7 9 180 210 230
16 -7 10 180 210 230
16 -7 11 180 210 230
16 -6 -15 180 210 230
16 -6 -14 180 210 230
16 -6 -13 180 210 230
16 -6 -12 180 210 230
16 -6 -11 180 210 230
16 -6 11 180 210 230
16 -6 12 180 210 230
16 -6 13 180 210 230
16 -6 14 180 210 230
16 -6 15 180 210 230
17 -8 -5 180 210 230
17 -8 -4 180 210 230
17 -8 -3 180 210 230
17 -8 -2 180 210 230
17 -8 -1 180 210 230
17 -8 0 180 210 230
17 -8 1 180 210 230
17 -8 2 180 210 230
17 -8 3 180 210 230
17 -8 4 180 210 230
17 -8 5 180 210 230
17 -7 -10 180 210 230
17 -7 -9 180 210 230
17 -7 -8 180 210 230
17 -7 -7 180 210 230
17 -7 -6 180 210 230
17 -7 -5 180 210 230
17 -7 -4 180 210 230
17 -7 -3 180 210 230
17 -7 -2 180 210 230
17 -7 -1 180 210 230
17 -7 0 180 210 230
17 -7 1 180 210 230
17 -7 2 180 210 230
17 -7 3 180 210 230
17 -7 4 180 210 230
17 -7 5 180 210 230
17 -7 6 180 210 230
17 -7 7 180 210 230
17 -7 8 180 210 230
17 -7 9 180 210 230
17 -7 10 180 210 230
17 -6 -13 180 210 230
17 -6 -12 180 210 230
17 -6 -11 180 210 230
17 -6 -10 180 210 230
17 -6 -9 180 210 230
17 -6 9 180 210 230
17 -6 10 180 210 230
17 -6 11 180 210 230
17 -6 12 180 210 230
17 -6 13 180 210 230
18 -7 -8 180 210 230
18 -7 -7 180 210 230
18 -7 -6 180 210 230
18 -7 -5 180 210 230
18 -7 -4 180 210 230
18 -7 -3 180 210 230
18 -7 -2 180 210 230
18 -7 -1 180 210 230
18 -7 0 180 210 230
18 -7 1 180 210 230
18 -7 2 180 210 230
18 -7 3 180 210 230
18 -7 4 180 210 230
18 -7 5 180 210 230
18 -7 6 180 210 230
18 -7 7 180 210 230
18 -7 8 180 210 230
18 -6 -12 180 210 230
18 -6 -11 180 210 230
18 -6 -10 180 210 230
18 -6 -9 180 210 230
18 -6 -8 180 210 230
18 -6 -7 180 210 230
18 -6 7 180 210 230
18 -6 8 180 210 230
18 -6 9 180 210 230
18 -6 10 180 210 230
18 -6 11 180 210 230
18 -6 12 180 210 230
19 -7 -5 180 210 230
19 -7 -4 180 210 230
19 -7 -3 180 210 230
19 -7 -2 180 210 230
19 -7 -1 180 210 230
19 -7 0 180 210 230
19 -7 1 180 210 230
19 -7 2 180 210 230
19 -7 3 180 210 230
19 -7 4 180 210 230
19 -7 5 180 210 230
19 -6 -11 180 210 230
19 -6 -10 180 210 230
19 -6 -9 180 210 230
19 -6 -8 180 210 230
19 -6 -7 180 210 230
19 -6 -6 180 210 230
19 -6 -5 180 210 230
19 -6 -4 180 210 230
19 -6 -3 180 210 230
19 -6 -2 180 210 230
19 -6 -1 180 210 230
19 -6 1 180 210 230
19 -6 2 180 210 230
19 -6 3 180 210 230
19 -6 4 180 210 230
19 -6 5 180 210 230
19 -6 6 180 210 230
19 -6 7 180 210 230
19 -6 8 180 210 230
19 -6 9 180 210 230
19 -6 10 180 210 230
19 -6 11 180 210 230
20 -6 -9 180 210 230
20 -6 -8 180 210 230
20 -6 -7 180 210 230
20 -6 -6 180 210 230
20 -6 -5 180 210 230
20 -6 -4 180 210 230
20 -6 -3 180 210 230
20 -6 -2 180 210 230
20 -6 -1 180 210 230
20 -6 0 180 210 230
20 -6 1 180 210 230
20 -6 2 180 210 230
20 -6 3 180 210 230
20 -6 4 180 210 230
20 -6 5 180 210 230
20 -6 6 180 210 230
20 -6 7 180 210 230
20 -6 8 180 210 230
20 -6 9 180 210 230
21 -6 -6 180 210 230
21 -6 -5 180 210 230
21 -6 -4 180 210 230
21 -6 -3 180 210 230
21 -6 -2 180 210 230
21 -6 -1 180 210 230
21 -6 0 180 210 230
21 -6 1 180 210 230
21 -6 2 180 210 230
21 -6 3 180 210 230
21 -6 4 180 210 230
21 -6 5 180 210 230
21 -6 6 180 210 230
22 -6 0 180 210 230
